6.37
17.28
14.91
7.99
1.69
10.19
27.19
14.30
4.23
10.55
14.33
0.43
6.93
21.82
3.47
25.86
2.68
3.37
12.50
31.19
18.07
4.73
10.60
2.83
5.12
20.68
9.43
13.00
4.07
9.36
7.88
2.04
17.71
16.05
30.89
28.52
15.66
0.50
4.58
2.22
7.07
15.25
5.33
5.80
2.22
24.16
6.92
9.08
21.36
4.98
15.43
17.01
27.25
4.08
37.26
0.35
5.62
7.89
7.37
4.08
11.36
18.16
22.89
17.88
14.88
3.94
19.72
19.72
5.25
5.73
11.41
4.73
0.12
1.46
0.23
0.61
20.26
5.31
13.62
6.71
3.15
25.29
13.61
10.68
1.34
19.41
4.92
9.88
0.06
19.22
10.45
9.53
0.70
12.87
10.22
10.15
1.50
9.85
8.30
0.56