2.88	
1.10	
2.90	
2.28	
2.86	
2.18	
2.23	
1.48	
1.60	
1.65
1.96	
2.69	
1.53	
2.43	
1.21	
1.01	
2.25	
1.07	
1.37	
2.78
2.74	
1.71	
1.22	
2.21	
3.00	
1.03	
2.25	
1.28	
1.52	
2.56
1.26	
2.01	
1.31	
1.78	
1.64	
1.05	
2.74	
1.01	
2.76	
1.58
2.53	
1.96	
1.83	
1.92	
1.16	
1.01	
2.73	
1.58	
1.40	
2.80
1.13	
2.93	
2.28	
1.33	
2.29	
2.43	
1.54	
1.39	
1.66	
2.16
2.24	
2.09	
1.22	
2.08	
1.71	
1.61	
2.21	
2.90	
2.57	
2.00
1.04	
1.47	
1.01	
2.06	
1.14	
2.31	
2.99	
2.21	
2.13	
2.26
1.28	
1.82	
1.72	
2.16	
1.65	
2.11	
1.46	
1.37	
1.62	
2.31
1.73	
1.74	
1.36	
1.76	
2.06	
2.78	
1.78	
2.68	
2.75	
2.60 