0.28	
0.38	
0.47	
0.51	
0.61	
0.68	
0.93	
1.54	
1.88	
1.98
2.18	
2.77	
2.79	
3.22	
3.87	
3.93	
4.01	
4.47	
5.02	
5.05
5.21	
5.24	
5.26	
5.29	
5.79	
6.07	
6.50	
6.58	
7.06	
7.33
7.38	
9.29	
9.87	
10.63	
12.66	
12.72	
13.18	
14.55	
14.55	
15.81
16.26	
16.69	
16.73	
16.80	
17.60	
19.61	
20.17	
20.33	
21.17	
21.28
22.07	
22.90	
22.97	
24.21	
24.41	
24.61	
25.27	
26.77	
27.02	
27.13
27.71	
29.25	
30.24	
31.06	
31.08	
31.33	
32.26	
32.44	
32.93	
33.03
33.45	
33.81	
34.50	
36.28	
36.29	
36.98	
37.21	
37.73	
39.21	
40.94
41.11	
42.52	
50.11	
51.30	
51.98	
52.35	
53.67	
58.91	
61.90	
62.04
65.38	
65.64	
67.92	
70.26	
74.11	
74.75	
77.76	
97.76	
114.03	
139.42